#CAI
1980
2018
15
1980	1983	1986	1991	1994	1997	2000	2002	2004	2006	2010	2012	2014	2016	2018
2664.5	7239.3	4291.4	3224.6	8164.3	21560.2	13543	8639.2	8779.4	5335	7424.3	7181.9	12677.6	3149.5	2933.1
0.428984278	0.294035597	0.528484618	0.349628204	0.265582639	0.401401617	0.168943382	0.242779119	0.172589782	0.130908627	0.310960668	0.426711186	0.483522564	0.149401934	0.44345345
   

#EAI
1980
2018
15
1980	1983	1986	1991	1994	1997	2000	2002	2004	2006	2010	2012	2014	2016	2018
4164.8	11786.8	5554.4	1053.2	11626.9	7840.2	5862.7	2796.6	7499.4	3975.1	4070.9	4031.1	2143.8	6029.7	11416.9
0.864451222	0.341605002	0.32420819	0.527273205	0.413637695	0.408505787	0.402062906	0.264522641	0.463820977	0.705626885	0.401731078	0.441916383	0.351102759	0.302671825	0.816489888


#WAI
1983
2018
14 
1983	1986	1991	1994	1997	2000	2002	2004	2006	2010	2012	2014	2016	2018
7249.4	1821.4	17557.6	6493.2	6657.9	17746.1	3906.2	16332.8	2470.5	6728.5	4454.7	1579.1	5845.6	11969.6
0.366606539	0.219828596	0.857152087	0.363631432	0.456354165	0.915352416	0.546712017	0.710406276	0.278201441	0.472919022	0.476223027	0.222551861	0.744986326	0.933364171 

#slope survey
2002
2016
6
# survey years
2002	2004	2008	2010	2012	2016
#biomass estimates
4850.77145	2569.514164	7308.119043	4365.463156	9283.965007	6258.040442
#CV
0.436086856	0.217967439	0.314620006	0.281560004	0.568675427	0.287197548   

#AI survey (no SBS)
1980
2018
15 
# survey years
1980	1983	1986	1991	1994	1997	2000	2002	2004	2006	2010	2012	2014	2016	2018
# survey biomass estimates
6829.3	26275.5	11667.2	21835.4	26284.4	36058.3	37151.8	15342	32611.6	11780.6	18223.7	15667.7	16400.5	15024.8	26319.6
# CV of survey biomass estimates
0.553110559	0.200687905	0.25057172	0.691625391	0.219894565	0.269431958	0.446082518	0.200974531	0.374329789	0.252208128	0.233647131	0.263667176	0.37717968	0.315826397	0.555033093

#SBS (from AI survey 799) 
1980
2018
15 
# survey years
1980	1983	1986	1991	1994	1997	2000	2002	2004	2006	2010	2012	2014	2016	2018
#biomass
44.8	9477	6485.4	1925.2	1959.1	2428.4	645.3	1463.2	630.3	1180.2	15	561.9	28.1	74.4	13.3
#CV
1.00E+00	4.29E-01	6.36E-01	6.60E-01	7.76E-01	9.72E-01	7.33E-01	6.53E-01	6.03E-01	5.21E-01	9.99E-01	7.12E-01	7.09E-01	1.00E+00	1.00E+00



