Year	
2002	2003	2004	2005	2006	2007	2008	2009	2010	2011	2012	2013	2014	2015	2016	2017	2018
Biomass	
23705.52	23218.271	22825.656	21771.957	20931.946	21193.224	21828.952	21941.2875	22119.2772	22339.647	22709.738	22635.756	22681.0252	22837.1187	22995.0948	23512.0927	24055.3672
SD	
3188.729217	3481.62384	3463.069964	3401.771299	3417.42869	3613.998875	3630.235606	3403.117321	2913.381038	3231.595722	3211.506338	3561.596805	3597.23092	3798.252226	3740.592548	4414.04411	5073.278176
CV	
0.134514207	0.1499519	0.15171831	0.156245546	0.163263783	0.170526149	0.166303706	0.155101077	0.131712307	0.144657421	0.141415385	0.157343842	0.158600896	0.16631924	0.162669151	0.187735059	0.210900051
UCI	
30856.75773	31150.96534	30730.42036	29573.0666	28825.87794	29604.09689	30240.81267	29736.29182	28634.30923	29662.7348	29963.14042	30812.63119	30950.4159	31638.44312	31630.20314	33969.92544	36369.1992
LCI	
18211.62429	17305.663	16954.22861	16028.71011	15199.75781	15171.97924	15756.95569	16189.64799	17086.58029	16824.47122	17212.22118	16628.81195	16621.06596	16484.18629	16717.38821	16273.76263	15910.73501